$ 1 0.000005 10.20027730826997 50 5 50 5e-11
207 624 416 624 448 4 GND
207 400 416 400 448 4 GND
w 1552 -16 1392 -16 0
w 896 -16 1024 -16 0
w 896 32 896 -16 0
w 832 32 896 32 0
I 1296 -16 1392 -16 0 0.5 5
x 1579 204 1651 207 6 24 Output
b 1451 -134 1806 115 0
x 490 597 736 600 4 24 Settings\s(not\smodelled)
b 355 230 870 559 0
x 400 492 478 495 4 12 floating\s\q\s10us
x 412 510 478 513 4 12 GND\s\q\s50us
x 424 527 484 530 4 12 Vs\s\q\s100us
x 384 471 480 474 4 16 Delay\ssetting:
w 400 368 464 368 0
w 624 368 720 368 0
x 582 471 712 474 4 16 Hysteresis\ssetting:
x 634 527 684 530 4 12 Vs\s\q\s8mv
x 622 510 685 513 4 12 GND\s\q\s4mv
x 610 492 685 495 4 12 floating\s\q\s2mv
207 720 368 720 416 4 HYSTERESIS
r 624 368 624 416 0 1000000
r 624 368 624 320 0 1000000
207 624 320 624 288 4 Vs
x 1096 198 1154 201 4 24 Latch
b 920 -159 1435 170 0
x 550 201 704 204 4 24 Current\sSense
b 352 -160 867 169 0
w 1104 48 1104 96 0
w 1024 96 1104 96 0
207 1024 96 1024 128 4 LATCH
207 1024 48 1024 16 4 Vs
207 400 320 400 288 4 Vs
r 400 368 400 320 0 1000000
150 1024 -32 1168 -32 0 2 0 5
a 736 32 832 32 8 4.5 0 1000000 0 0 100000
r 1104 48 1024 48 0 47000
r 400 368 400 416 0 1000000
I 1104 96 1168 96 0 0.5 5
f 1552 -16 1600 -16 32 1.5 0.02
w 1264 -16 1296 -16 0
w 1264 16 1264 -16 0
w 1168 48 1264 16 0
w 1168 64 1168 48 0
w 1168 16 1168 0 0
w 1264 48 1168 16 0
w 1264 80 1264 48 0
153 1168 80 1264 80 0 2 0 5
153 1168 -16 1264 -16 0 2 5 5
x 1636 -70 1712 -67 6 24 ALERT
w 1600 -48 1648 -48 0
207 464 368 464 416 4 DELAY
207 1024 -48 1024 -80 4 ENABLE
207 1600 0 1600 64 4 GND
207 624 80 624 144 4 GND
w 624 -96 624 -48 0
207 1648 -48 1696 -48 4 ALERT
207 416 96 384 96 4 IN\s-
207 400 -64 400 -16 4 LIMIT
207 624 -96 624 -128 4 Vs
207 416 32 384 32 4 IN\s\p
w 624 0 544 0 2
i 624 -48 624 0 0 0.000019999999999999998
w 736 0 736 16 0
w 1600 -32 1600 -48 0
w 736 0 624 0 0
w 688 48 736 48 0
w 624 48 688 48 3
w 528 96 448 96 0
w 528 80 528 96 0
w 528 32 528 48 0
w 448 32 528 32 0
w 416 96 448 96 0
w 416 32 448 32 0
p 448 32 448 96 3 0 0 10000000
212 528 48 624 48 0 2 1*(a-b)
w 400 -64 544 -64 0
w 544 -64 544 0 0
