$ 1 0.000005 382.76258214399064 30 5 50 5e-11
207 544 416 576 416 4 Vout
R 448 96 400 96 0 0 40 12 0 0 0.5
s 448 96 528 96 0 0 false
207 528 96 576 96 4 SW\sINPUT
181 448 208 528 208 0 300.00000000014006 1.4 12 0.0001 0.0001
R 448 208 400 208 0 0 40 12 0 0 0.5
207 576 208 624 208 4 LAMP
g 448 512 400 512 0 0
207 448 512 576 512 4 GND
404 432 320 496 320 1 0.005 350 0 false
370 528 208 576 208 3 0 2
207 544 320 576 320 4 Vin
r 544 416 432 416 0 1.2
g 432 416 400 416 0 0
x 420 130 553 133 4 24 Dash\sSwitch
x 404 245 562 248 4 24 Indicator\sLamp
x 434 363 536 366 4 24 15A\sFuse
x 393 455 572 458 4 24 Diff\sActuator\sCoil
r 944 432 944 480 0 0.01
w 944 432 1040 432 0
w 1040 480 944 480 0
207 944 240 944 208 4 Vin
r 896 240 896 336 0 10000
w 896 240 944 240 0
w 944 352 944 432 0
207 944 544 944 592 4 Vout
w 944 480 944 544 0
212 928 64 976 64 0 2 5/12*(a-b)
207 928 96 928 128 4 GND
207 1024 96 1024 128 4 GND
207 1200 64 1232 64 5 5v\sRail
R 432 320 384 320 0 0 40 12 0 0 0.5
207 928 64 880 64 4 SW\sINPUT
r 800 352 800 432 0 10000
w 944 240 944 320 0
f 896 336 944 336 33 1.5 100
207 800 240 800 208 5 5v\sRail
r 800 352 800 240 0 10000
207 800 432 800 464 4 GND
207 896 368 896 464 4 GND
p 1040 432 1040 480 3 0 0 10000000
207 1232 -48 1232 -80 5 5v\sRail
207 1200 528 1200 560 4 GND
w 1040 432 1136 432 0
w 1136 464 1136 480 0
w 1040 480 1136 480 0
w 1232 0 1264 0 0
207 1296 496 1328 496 5 5v\sRail
r 1296 464 1392 464 0 4700
207 1392 464 1392 528 4 GND
207 1584 448 1584 480 4 GND
207 1888 256 1888 224 4 LAMP
w 1888 320 1888 256 0
207 1888 352 1888 464 4 GND
r 1616 256 1616 352 0 10000
207 1792 368 1792 416 4 GND
r 1792 336 1792 256 0 10000
207 1616 256 1616 224 5 5v\sRail
t 1440 640 1536 640 0 1 0 0 100 default
207 1792 256 1792 224 4 SW\sINPUT
370 1616 352 1696 352 3 0 0
p 1696 352 1696 400 3 0 0 10000000
207 1696 400 1696 448 4 GND
420 1056 64 1200 64 0 16
w 1056 64 1024 64 0
400 1792 336 1888 336 1 0\s1\s-11.3930856168898\s0.24353031390440089\s100\sdefault 0\s1\s-11.636615930794202\s0.36338341295471216\s100\sdefault 1
400 1696 352 1792 352 1 0\s1\s0.5704180146348855\s0.5711707363809242\s100\sdefault 0\s1\s-0.000752721746038687\s0.6061610051130744\s100\sdefault 1
370 496 320 544 320 3 0 1
400 800 352 896 352 1 0\s1\s0.5611169740914455\s0.562184389116094\s100\sdefault 0\s1\s-0.001067415024648577\s0.6040333450968689\s100\sdefault 1
370 1232 -48 1232 0 3 0 3
. INA300 1 4 4 10 ALERT 14 1 3 DELAY 5 3 3 ENABLE 9 2 0 GND 1 1 1 HYSTERESIS 6 0 1 IN\s\p 17 1 2 IN\s- 16 2 2 LATCH 8 0 3 LIMIT 11 2 3 Vs 7 1 0 InverterElm\s4\s2\rResistorElm\s6\s1\rResistorElm\s6\s7\rResistorElm\s5\s7\rAndGateElm\s3\s9\s10\rOpAmpElm\s11\s12\s3\rResistorElm\s8\s7\rResistorElm\s5\s1\rInverterElm\s8\s13\rMosfetElm\s2\s1\s14\rNorGateElm\s13\s4\s15\rNorGateElm\s15\s10\s4\rCurrentElm\s7\s11\rProbeElm\s17\s16\rVCVSElm\s17\s16\s12\s1 0\\s0.5\\s5\s0\\s1000000\s0\\s1000000\s0\\s1000000\s0\\s2\\s0\\s5\s8\\s4.5\\s0\\s1000000\\s0\\s0\\s100000\s0\\s47000\s0\\s1000000\s0\\s0.5\\s5\s32\\s1.5\\s0.02\s0\\s2\\s0\\s5\s0\\s2\\s5\\s5\s0\\s0.000019999999999999998\s3\\s0\\s0\\s10000000\s0\\s2\\s1*(a-b)
410 1136 400 1248 512 1 INA300 0\s0.5\s5 0\s1000000 0\s1000000 0\s1000000 0\s2\s0\s5 8\s4.5\s0\s1000000\s0\s0\s100000 0\s47000 0\s1000000 0\s0.5\s5 32\s1.5\s0.02 0\s2\s0\s5 0\s2\s0\s5 0\s0.000019999999999999998 3\s0\s0\s10000000 0\s2\s1*(a-b)
207 1168 528 1168 576 5 5v\sRail
